20160104,000000,2351.0000000,2356.0000000,2309.3000000,2310.2000000,444328
20160105,000000,2310.3000000,2386.7000000,2304.1000000,2380.0000000,640845
20160106,000000,2379.0000000,2403.4000000,2364.6000000,2378.0000000,608353
20160111,000000,2319.8000000,2342.7000000,2257.1000000,2257.9000000,987409
20160112,000000,2230.0000000,2269.2000000,2217.2000000,2223.5000000,1171955
20160113,000000,2235.6000000,2276.7000000,2221.0000000,2225.0000000,910046
20160114,000000,2212.8000000,2231.4000000,2160.0000000,2188.9000000,1474518
20160115,000000,2184.7000000,2194.9000000,2040.1000000,2098.0000000,2419017
20160118,000000,2071.0000000,2155.8000000,2062.3000000,2112.1000000,1307074
20160119,000000,2123.0000000,2198.0000000,2121.0000000,2150.0000000,1429094
20160120,000000,2120.0000000,2147.0000000,2088.0000000,2145.3000000,1603204
20160121,000000,2140.5000000,2233.8000000,2140.0000000,2212.8000000,1436366
20160122,000000,2260.0000000,2367.1000000,2228.8000000,2340.9000000,2034794
20160125,000000,2360.0000000,2360.0000000,2297.9000000,2349.0000000,1149850
20160126,000000,2304.9000000,2358.9000000,2302.2000000,2320.0000000,1190580
20160127,000000,2331.0000000,2400.5000000,2318.0000000,2400.5000000,1241875
20160128,000000,2395.2000000,2495.0000000,2383.2000000,2495.0000000,1812947
20160129,000000,2508.2000000,2569.0000000,2466.3000000,2569.0000000,1914848
20160201,000000,2560.5000000,2562.0000000,2491.5000000,2547.0000000,1305184
20160202,000000,2513.0000000,2559.0000000,2477.5000000,2491.0000000,1207079
20160203,000000,2479.0000000,2502.0000000,2462.5000000,2475.5000000,835918
20160204,000000,2537.0000000,2575.0000000,2520.5000000,2553.5000000,1231861
20160205,000000,2538.5000000,2600.0000000,2524.5000000,2594.0000000,963586
20160208,000000,2585.0000000,2597.5000000,2465.5000000,2482.5000000,1296150
20160209,000000,2457.0000000,2486.5000000,2376.0000000,2387.5000000,1744602
20160210,000000,2375.5000000,2413.5000000,2357.0000000,2382.5000000,1100658
20160211,000000,2375.0000000,2398.0000000,2334.0000000,2392.0000000,1324866
20160212,000000,2407.0000000,2427.0000000,2386.5000000,2396.0000000,932551
20160215,000000,2421.0000000,2451.5000000,2396.0000000,2429.0000000,724873
20160216,000000,2449.0000000,2476.5000000,2433.5000000,2450.0000000,976344
20160217,000000,2450.0000000,2489.5000000,2434.0000000,2467.0000000,857470
20160218,000000,2480.5000000,2586.0000000,2480.0000000,2565.0000000,1478270
20160219,000000,2541.0000000,2546.5000000,2490.0000000,2540.0000000,1084879
20160220,000000,2532.5000000,2545.5000000,2521.0000000,2529.0000000,116489
20160222,000000,2535.0000000,2624.0000000,2534.0000000,2610.0000000,685871
20160224,000000,2579.0000000,2592.0000000,2535.0000000,2550.0000000,1225372
20160225,000000,2566.0000000,2600.0000000,2502.5000000,2551.5000000,1532804
20160226,000000,2572.0000000,2618.0000000,2572.0000000,2587.0000000,1250548
20160229,000000,2578.0000000,2686.0000000,2552.0000000,2686.0000000,1563324
20160301,000000,2686.0000000,2718.0000000,2680.0000000,2699.0000000,838514
20160302,000000,2720.0000000,2721.5000000,2627.0000000,2640.0000000,1569341
20160303,000000,2644.0000000,2700.0000000,2640.0000000,2700.0000000,1335183
20160304,000000,2705.0000000,2775.0000000,2687.0000000,2775.0000000,1019113
20160307,000000,2801.0000000,2840.0000000,2781.0000000,2840.0000000,855335
20160309,000000,2814.0000000,2832.0000000,2715.0000000,2744.0000000,1211644
20160310,000000,2745.0000000,2750.0000000,2669.0000000,2692.0000000,1243360
20160311,000000,2701.0000000,2706.5000000,2651.0000000,2669.0000000,1056690
20160314,000000,2675.5000000,2679.5000000,2630.0000000,2658.5000000,939854
20160315,000000,2667.5000000,2689.0000000,2639.5000000,2647.5000000,1797977
20160316,000000,2657.0000000,2703.0000000,2642.0000000,2703.0000000,843490
20160317,000000,2716.0000000,2765.5000000,2715.0000000,2750.0000000,1699194
20160318,000000,2756.0000000,2833.5000000,2740.0000000,2810.0000000,1882959
20160321,000000,2787.0000000,2802.5000000,2737.0000000,2784.5000000,1320312
20160322,000000,2790.0000000,2816.0000000,2720.5000000,2732.5000000,1291725
20160323,000000,2731.5000000,2732.0000000,2665.0000000,2687.5000000,1220227
20160324,000000,2670.0000000,2687.0000000,2603.0000000,2615.0000000,966847
20160325,000000,2627.5000000,2647.0000000,2605.0000000,2607.5000000,325028
20160328,000000,2623.5000000,2638.0000000,2558.5000000,2570.0000000,610275
20160329,000000,2574.0000000,2614.5000000,2547.5000000,2614.5000000,1060410
20160330,000000,2632.0000000,2639.5000000,2580.5000000,2610.0000000,1244091
20160331,000000,2608.0000000,2622.0000000,2576.0000000,2622.0000000,1686396
20160401,000000,2604.0000000,2635.0000000,2575.0000000,2625.0000000,1345974
20160404,000000,2614.0000000,2707.0000000,2614.0000000,2692.0000000,1055104
20160405,000000,2676.0000000,2703.0000000,2665.5000000,2698.5000000,1066382
20160406,000000,2712.5000000,2732.0000000,2690.0000000,2715.0000000,1068069
20160407,000000,2725.5000000,2743.5000000,2700.0000000,2722.0000000,944783
20160408,000000,2726.0000000,2783.0000000,2720.0000000,2777.5000000,997510
20160411,000000,2765.0000000,2830.0000000,2759.0000000,2798.0000000,1227975
20160412,000000,2798.0000000,2800.0000000,2757.0000000,2775.0000000,1197058
20160413,000000,2785.0000000,2850.0000000,2784.5000000,2824.0000000,1231750
20160414,000000,2819.0000000,2892.0000000,2790.5000000,2814.5000000,1508031
20160415,000000,2819.5000000,2835.0000000,2801.5000000,2822.5000000,625623
20160418,000000,2775.0000000,2790.0000000,2719.5000000,2777.0000000,1939591
20160419,000000,2776.0000000,2825.0000000,2770.0000000,2815.5000000,1341237
20160420,000000,2797.0000000,2884.5000000,2787.0000000,2870.0000000,1498746
20160421,000000,2886.0000000,2902.0000000,2832.0000000,2890.0000000,1384021
20160422,000000,2884.5000000,2901.5000000,2851.5000000,2890.0000000,894325
20160425,000000,2882.0000000,2885.0000000,2827.0000000,2853.0000000,886635
20160426,000000,2853.0000000,2860.0000000,2781.0000000,2796.0000000,766541
20160427,000000,2808.0000000,2811.5000000,2704.0000000,2733.0000000,1113106
20160428,000000,2737.5000000,2800.0000000,2662.5000000,2800.0000000,995884
20160429,000000,2804.5000000,2808.5000000,2707.5000000,2752.0000000,865751
20160504,000000,2715.5000000,2750.5000000,2645.0000000,2698.5000000,949153
20160505,000000,2698.5000000,2698.5000000,2615.5000000,2630.0000000,814650
20160506,000000,2626.5000000,2648.0000000,2601.0000000,2629.0000000,1059085
20160510,000000,2620.0000000,2655.5000000,2563.0000000,2585.5000000,1073868
20160511,000000,2597.0000000,2667.5000000,2597.0000000,2642.5000000,1213074
20160512,000000,2653.0000000,2725.0000000,2640.0000000,2673.5000000,1400252
20160513,000000,2674.0000000,2699.5000000,2616.5000000,2699.5000000,1315943
20160516,000000,2705.0000000,2722.0000000,2658.0000000,2662.0000000,843488
20160517,000000,2662.0000000,2684.0000000,2606.5000000,2671.5000000,1023446
20160518,000000,2669.0000000,2707.0000000,2647.0000000,2707.0000000,1051571
20160519,000000,2687.0000000,2721.0000000,2650.0000000,2695.5000000,1212319
20160520,000000,2711.0000000,2736.5000000,2683.0000000,2712.0000000,1043775
20160523,000000,2711.5000000,2715.5000000,2646.5000000,2647.0000000,892431
20160524,000000,2648.0000000,2682.0000000,2646.0000000,2656.5000000,775204
20160525,000000,2667.5000000,2705.0000000,2650.5000000,2650.5000000,1003008
20160526,000000,2678.0000000,2708.0000000,2634.0000000,2678.0000000,1189340
20160527,000000,2681.0000000,2715.0000000,2663.0000000,2682.0000000,770515
20160530,000000,2685.0000000,2711.0000000,2682.5000000,2695.5000000,317650
20160531,000000,2690.0000000,2700.5000000,2523.0000000,2570.0000000,5598989
20160601,000000,2595.0000000,2612.0000000,2556.0000000,2580.0000000,2525133
20160602,000000,2589.0000000,2607.5000000,2572.0000000,2597.0000000,976442
20160603,000000,2607.0000000,2629.0000000,2565.0000000,2587.0000000,1265814
20160606,000000,2597.5000000,2625.0000000,2560.0000000,2613.0000000,995197
20160607,000000,2622.0000000,2692.0000000,2617.0000000,2681.5000000,1244914
20160608,000000,2669.5000000,2690.0000000,2645.0000000,2680.5000000,913369
20160609,000000,2676.5000000,2680.5000000,2629.5000000,2635.0000000,557015
20160610,000000,2633.5000000,2662.0000000,2610.0000000,2636.0000000,669766
20160614,000000,2633.0000000,2684.0000000,2615.0000000,2670.0000000,795591
20160615,000000,2668.0000000,2688.5000000,2633.0000000,2637.5000000,969378
20160616,000000,2627.5000000,2636.5000000,2577.0000000,2624.0000000,835946
20160617,000000,2630.5000000,2652.5000000,2611.0000000,2647.0000000,891930
20160620,000000,2655.5000000,2672.0000000,2624.0000000,2643.5000000,612068
20160621,000000,2644.0000000,2658.0000000,2602.0000000,2658.0000000,754171
20160622,000000,2654.0000000,2664.5000000,2631.5000000,2660.0000000,550573
20160623,000000,2656.0000000,2730.0000000,2642.0000000,2730.0000000,813171
20160624,000000,2667.0000000,2728.0000000,2585.0000000,2725.0000000,1360785
20160627,000000,2706.5000000,2712.0000000,2631.0000000,2631.0000000,801261
20160628,000000,2645.0000000,2669.5000000,2612.0000000,2628.0000000,604270
20160629,000000,2639.5000000,2670.0000000,2629.5000000,2668.0000000,514849
20160630,000000,2669.0000000,2703.0000000,2657.0000000,2684.0000000,577586
20160701,000000,2685.5000000,2708.0000000,2654.5000000,2707.0000000,381961
20160704,000000,2714.0000000,2763.0000000,2707.0000000,2745.0000000,466001
20160705,000000,2735.0000000,2774.5000000,2717.0000000,2769.5000000,517165
20160706,000000,2758.0000000,2767.0000000,2724.5000000,2732.0000000,564102
20160707,000000,2750.0000000,2786.0000000,2736.0000000,2748.0000000,589941
20160708,000000,2752.0000000,2788.5000000,2707.0000000,2788.0000000,1935914
20160711,000000,2715.0000000,2757.5000000,2693.0000000,2752.0000000,802396
20160712,000000,2746.0000000,2791.0000000,2736.0000000,2777.0000000,731139
20160713,000000,2775.0000000,2786.0000000,2721.5000000,2741.0000000,683485
20160714,000000,2742.0000000,2787.0000000,2717.0000000,2770.0000000,614115
20160715,000000,2756.5000000,2798.0000000,2756.5000000,2792.5000000,599082
20160718,000000,2781.5000000,2810.0000000,2757.0000000,2799.0000000,499787
20160719,000000,2789.5000000,2831.5000000,2786.0000000,2828.0000000,608610
20160720,000000,2819.5000000,2857.0000000,2777.0000000,2840.5000000,572284
20160721,000000,2852.5000000,2870.0000000,2827.5000000,2858.0000000,342953
20160722,000000,2852.0000000,2870.0000000,2836.0000000,2855.0000000,280775
20160725,000000,2854.5000000,2882.0000000,2801.0000000,2829.0000000,606523
20160726,000000,2821.0000000,2834.5000000,2780.0000000,2821.0000000,498763
20160727,000000,2817.0000000,2853.0000000,2808.0000000,2836.5000000,489200
20160728,000000,2831.0000000,2887.0000000,2820.5000000,2887.0000000,581532
20160729,000000,2880.0000000,2897.0000000,2850.0000000,2867.0000000,705683
20160801,000000,2877.0000000,2910.0000000,2865.0000000,2886.0000000,484272
20160802,000000,2878.5000000,2885.0000000,2764.0000000,2781.0000000,817101
20160803,000000,2781.0000000,2808.5000000,2740.0000000,2797.0000000,681453
20160804,000000,2810.0000000,2839.5000000,2795.0000000,2839.5000000,611716
20160805,000000,2831.5000000,2848.0000000,2787.0000000,2815.0000000,424200
20160808,000000,2824.0000000,2842.5000000,2808.5000000,2842.5000000,346091
20160809,000000,2829.5000000,2842.5000000,2804.0000000,2806.0000000,484565
20160810,000000,2805.5000000,2813.0000000,2731.5000000,2738.0000000,856284
20160811,000000,2738.0000000,2785.0000000,2731.0000000,2785.0000000,592839
20160812,000000,2787.0000000,2877.0000000,2779.5000000,2870.0000000,820996
20160815,000000,2870.0000000,2949.0000000,2858.0000000,2922.5000000,805911
20160816,000000,2924.0000000,2979.0000000,2895.0000000,2932.5000000,794294
20160817,000000,2918.5000000,2937.5000000,2883.5000000,2932.0000000,590457
20160818,000000,2935.0000000,2964.5000000,2925.5000000,2956.5000000,367660
20160819,000000,2960.0000000,2969.0000000,2942.0000000,2948.0000000,285181
20160822,000000,2941.0000000,2985.0000000,2901.5000000,2985.0000000,513116
20160823,000000,2974.5000000,3024.0000000,2967.0000000,3014.0000000,647023
20160824,000000,3006.5000000,3035.0000000,2997.5000000,3035.0000000,401082
20160825,000000,3028.5000000,3049.5000000,3005.0000000,3049.0000000,577952
20160826,000000,3035.0000000,3044.0000000,2994.5000000,3025.0000000,655305
20160829,000000,3000.5000000,3003.0000000,2964.0000000,2990.5000000,452852
20160830,000000,2988.5000000,3014.5000000,2980.0000000,2989.5000000,322885
20160831,000000,2983.5000000,2991.0000000,2913.0000000,2913.0000000,718992
20160901,000000,2939.0000000,2964.0000000,2923.0000000,2938.0000000,465970
20160902,000000,2947.5000000,3008.5000000,2940.0000000,3003.0000000,581447
20160905,000000,3008.0000000,3064.0000000,2996.0000000,3053.0000000,685887
20160906,000000,3061.0000000,3090.0000000,3037.0000000,3085.0000000,606963
20160907,000000,3087.5000000,3102.0000000,3068.5000000,3084.0000000,520800
20160908,000000,3099.0000000,3108.5000000,3073.0000000,3108.0000000,676260
20160909,000000,3092.0000000,3100.5000000,3060.5000000,3060.5000000,377779
20160912,000000,3031.5000000,3060.0000000,3012.5000000,3045.5000000,722946
20160913,000000,3049.5000000,3064.5000000,3018.0000000,3037.5000000,434555
20160914,000000,3030.5000000,3070.5000000,3011.0000000,3054.0000000,546106
20160915,000000,3054.0000000,3068.0000000,3023.5000000,3057.0000000,628074
20160916,000000,3053.5000000,3055.5000000,2900.0000000,3028.0000000,1255635
20160919,000000,3030.0000000,3036.0000000,3000.0000000,3018.0000000,601199
20160920,000000,3008.0000000,3055.0000000,2990.5000000,3055.0000000,476140
20160921,000000,3057.0000000,3069.5000000,3033.0000000,3048.5000000,421763
20160922,000000,3065.5000000,3125.0000000,3045.0000000,3125.0000000,715598
20160923,000000,3114.5000000,3118.0000000,3055.0000000,3085.5000000,603058
20160926,000000,3065.0000000,3067.5000000,3041.0000000,3060.0000000,539632
20160927,000000,3052.0000000,3058.5000000,3018.0000000,3028.0000000,631901
20160928,000000,3036.0000000,3045.5000000,3005.0000000,3010.5000000,434242
20160929,000000,3051.0000000,3093.0000000,3043.0000000,3082.0000000,492108
20160930,000000,3066.0000000,3093.0000000,3056.5000000,3068.0000000,634240
20161003,000000,3063.5000000,3085.0000000,3050.5000000,3075.0000000,326332
20161004,000000,3064.5000000,3084.0000000,3055.0000000,3077.0000000,376538
20161005,000000,3068.0000000,3082.0000000,3042.0000000,3076.0000000,462394
20161006,000000,3071.0000000,3073.5000000,3040.0000000,3070.0000000,355123
20161007,000000,3070.5000000,3082.0000000,3036.0000000,3050.0000000,451380
20161010,000000,3043.5000000,3092.5000000,3043.0000000,3077.5000000,405635
20161011,000000,3069.0000000,3110.0000000,3059.0000000,3104.0000000,406605
20161012,000000,3100.0000000,3125.0000000,3091.0000000,3117.5000000,474128
20161013,000000,3118.0000000,3124.0000000,3060.0000000,3084.5000000,472324
20161014,000000,3084.5000000,3087.0000000,3057.5000000,3064.0000000,294323
20161017,000000,3066.0000000,3068.5000000,3027.0000000,3030.0000000,438054
20161018,000000,3042.0000000,3069.0000000,3031.0000000,3050.0000000,390669
20161019,000000,3052.5000000,3056.0000000,3014.0000000,3048.0000000,355375
20161020,000000,3040.0000000,3054.0000000,3011.0000000,3037.5000000,429563
20161021,000000,3036.0000000,3078.5000000,3017.5000000,3071.0000000,362088
20161024,000000,3072.0000000,3100.0000000,3057.0000000,3094.5000000,413878
20161025,000000,3093.0000000,3110.0000000,3071.5000000,3098.0000000,495015
20161026,000000,3095.5000000,3097.5000000,3044.0000000,3081.5000000,518197
20161027,000000,3081.5000000,3104.5000000,3074.5000000,3099.0000000,410072
20161028,000000,3084.5000000,3104.0000000,3073.0000000,3104.0000000,291881
20161031,000000,3089.0000000,3104.5000000,3078.0000000,3100.0000000,456187
20161101,000000,3098.5000000,3127.0000000,3095.0000000,3106.0000000,617021
20161102,000000,3088.5000000,3091.5000000,2962.0000000,2983.0000000,1270090
20161103,000000,2992.0000000,3013.0000000,2952.5000000,2984.0000000,530778
20161107,000000,2986.0000000,3025.0000000,2965.0000000,2991.0000000,687099
20161108,000000,3011.5000000,3055.0000000,3006.0000000,3030.0000000,533101
20161109,000000,2968.0000000,3093.0000000,2967.0000000,3058.5000000,967823
20161110,000000,3083.5000000,3218.5000000,3052.5000000,3145.0000000,1383356
20161111,000000,3145.0000000,3189.0000000,3092.0000000,3092.0000000,998886
20161114,000000,3110.0000000,3123.5000000,3048.0000000,3064.0000000,717189
20161115,000000,3071.5000000,3079.5000000,3030.0000000,3043.0000000,576080
20161116,000000,3060.0000000,3103.0000000,3041.0000000,3063.0000000,560414
20161117,000000,3060.0000000,3113.0000000,3055.0000000,3105.0000000,453335
20161118,000000,3097.0000000,3121.0000000,3082.5000000,3084.5000000,397159
20161121,000000,3093.0000000,3135.5000000,3085.5000000,3127.0000000,386588
20161122,000000,3136.0000000,3150.0000000,3109.0000000,3112.0000000,483764
20161123,000000,3115.5000000,3175.0000000,3115.5000000,3175.0000000,500105
20161124,000000,3170.0000000,3189.5000000,3158.5000000,3176.5000000,236430
20161125,000000,3173.0000000,3180.0000000,3146.5000000,3154.5000000,313681
20161128,000000,3155.5000000,3165.5000000,3100.0000000,3145.5000000,552332
20161129,000000,3141.5000000,3169.5000000,3124.5000000,3147.0000000,939995
20161130,000000,3152.5000000,3197.0000000,3149.0000000,3188.0000000,1120834
20161201,000000,3189.0000000,3219.5000000,3183.0000000,3210.0000000,754593
20161202,000000,3197.5000000,3312.5000000,3192.0000000,3286.0000000,1040497
20161205,000000,3285.0000000,3329.5000000,3280.0000000,3300.0000000,760705
20161206,000000,3295.5000000,3337.0000000,3256.0000000,3267.5000000,692152
20161207,000000,3272.0000000,3299.0000000,3268.0000000,3287.0000000,353099
20161208,000000,3295.5000000,3362.0000000,3295.5000000,3359.5000000,783705
20161209,000000,3364.0000000,3385.0000000,3343.5000000,3371.0000000,531914
20161212,000000,3385.0000000,3430.0000000,3347.0000000,3375.0000000,819336
20161213,000000,3361.0000000,3406.0000000,3317.0000000,3328.5000000,837192
20161214,000000,3332.0000000,3360.0000000,3303.5000000,3352.0000000,601314
20161215,000000,3330.0000000,3399.0000000,3297.0000000,3383.5000000,1673749
20161216,000000,3404.0000000,3414.0000000,3352.0000000,3352.0000000,1060256
20161219,000000,3357.0000000,3374.0000000,3335.0000000,3350.5000000,443602
20161220,000000,3350.5000000,3425.0000000,3343.0000000,3415.0000000,596502
20161221,000000,3410.5000000,3477.5000000,3390.0000000,3439.0000000,796419
20161222,000000,3370.0000000,3379.5000000,3343.5000000,3368.0000000,639405
20161223,000000,3357.0000000,3415.0000000,3356.5000000,3396.0000000,455401
20161226,000000,3399.5000000,3423.0000000,3385.0000000,3418.0000000,100645
20161227,000000,3418.5000000,3433.0000000,3403.5000000,3428.5000000,214770
20161228,000000,3432.5000000,3435.0000000,3343.5000000,3344.0000000,544294
20161229,000000,3345.0000000,3432.5000000,3334.0000000,3424.5000000,447773
20161230,000000,3420.5000000,3449.0000000,3402.5000000,3449.0000000,645544
